Mercury: 1.728; 3.65527
Venera: 1.26; 1.5574
Earth: 1.072; 1.0323; Round: 0.01674; 0.03987
Moon: 20.93;