Mercury: 1.728; 3.65527
Venera: 1.26; 1.5574
Earth: 1.072; 1.0323; Round: 0.01674; 0.03987; 253;
Moon: 20.93;
Mars: 0.684; 0.619;
Jupiter: 0.468; 0.125;
Saturn: 0.36; 0.0684;
Uran: 0.2448; 0.03;
Neptun: 0.1944; 0.0212;
Pluton: 0.1656; 0.0181;